;-- G3SG1
![wpn_g3sg1]
use_alt_aim_hud	= true

![wpn_g3sg1_new_hud]
hands_orientation		= 4.3, 4.3, 0
hands_orientation_16x9	= 4.3, 4.3, 0

aim_hud_offset_alt_pos		= -0.113175, 0.058, -0.125
aim_hud_offset_alt_pos_16x9	= -0.113175, 0.058, -0.125
aim_hud_offset_alt_rot		= 0.0695, 0.0741, 0
aim_hud_offset_alt_rot_16x9	= 0.0695, 0.0741, 0