![wpn_raptr]
position			= -0.019947, 0.050071, 0.12
strap_orientation	= -10, -5, 89.81515
strap_position		= -0.068102, -0.154645, 0.246246