![wpn_m4a1]
modular_attachments	= true
modular_scope_group	= scope_group_picatinny_medium
scope_status		= 2
inv_scope_x			= 82
inv_scope_y			= -1

![wpn_m4a1_hud]
aim_hud_offset_pos               = -0.006087, -0.11115, 0.056172
aim_hud_offset_pos_16x9          = -0.006087, -0.11115, 0.056172
attach_base_hud_offset_pos       = -0.042207, 0.121203, -0.096889
attach_base_hud_offset_pos_16x9  = -0.042207, 0.121203, -0.096889
attach_mount_hud_offset_pos      = 0.005812, 0.085262, 0.017785
attach_mount_hud_offset_pos_16x9 = 0.005812, 0.085262, 0.017785
hands_orientation                = 0.542295, 2.322208, 0
hands_orientation_16x9           = 0.542295, 2.322208, 0
hands_position                   = 0.000156, 0.000426, 0
hands_position_16x9              = 0.000156, 0.000426, 0
shell_point                      = 0, 0, -10