![wpn_m4]
modular_attachments	= true
modular_scope_group	= scope_group_picatinny
scope_status		= 2
inv_scope_x			= 60
inv_scope_y			= -13

![wpn_m4_hud]
aim_hud_offset_pos               = -0.006345, -0.111494, 0.079643
aim_hud_offset_pos_16x9          = -0.006345, -0.111494, 0.079643
aim_hud_offset_rot               = 0.000355, 0.000318, 7.1e-05
aim_hud_offset_rot_16x9          = 0.000355, 0.000318, 7.1e-05
attach_base_hud_offset_pos       = -0.042207, 0.121203, -0.096889
attach_base_hud_offset_pos_16x9  = -0.042207, 0.121203, -0.096889
attach_mount_hud_offset_pos      = 0.005816, 0.083495, 0.022559
attach_mount_hud_offset_pos_16x9 = 0.005816, 0.083495, 0.022559
hands_orientation                = 2.02708, 2.082151, 0.018208
hands_orientation_16x9           = 2.02708, 2.082151, 0.018208
hands_position                   = 0.000212, 0.000212, -0.000568
hands_position_16x9              = 0.000212, 0.000212, -0.000568