;------------------------------------------------------------------------------------------------

![wpn_fnc]
modular_attachments	= true
modular_scope_group	= scope_group_none
scope_status		= 2
inv_scope_x			= 90
inv_scope_y			= 28

; ![wpn_fnc_hud]

![wpn_fnc_para]
modular_attachments	= true
modular_scope_group	= scope_group_picatinny
scope_status		= 2
inv_scope_x			= 90
inv_scope_y			= 28

![wpn_fnc_para_hud]
aim_hud_offset_pos		= -0.001397, -0.074604, 0.195771
aim_hud_offset_pos_16x9	= -0.001397, -0.074604, 0.195771
aim_hud_offset_rot		= -0.003479, -0.000246, 0
aim_hud_offset_rot_16x9	= -0.003479, -0.000246, 0
attach_base_hud_offset_pos		= -0.037605, 0.086899, -0.225353
attach_base_hud_offset_pos_16x9	= -0.037605, 0.086899, -0.225353
attach_base_hud_offset_rot		= -0.025028, 0.022123, 0.000929
attach_base_hud_offset_rot_16x9	= -0.025028, 0.022123, 0.000929
attach_mount_hud_offset_pos		= 0.002028, 0.066903, -0.031648
attach_mount_hud_offset_pos_16x9= 0.002028, 0.066903, -0.031648

![wpn_fnc_marksman]
modular_attachments	= true
modular_scope_group	= scope_group_picatinny
scope_status		= 2
inv_scope_x			= 90
inv_scope_y			= 28

![wpn_fnc_marksman_hud]
aim_hud_offset_pos		= -0.000387, -0.074675, 0.168965
aim_hud_offset_pos_16x9	= -0.000387, -0.074675, 0.168965
aim_hud_offset_rot		= -0.003479, -0.000246, 0
aim_hud_offset_rot_16x9	= -0.003479, -0.000246, 0
attach_base_hud_offset_pos		= -0.037499, 0.087183, -0.217898
attach_base_hud_offset_pos_16x9	= -0.037499, 0.087183, -0.217898
attach_base_hud_offset_rot		= -0.023708, 0.021981, 0.000929
attach_base_hud_offset_rot_16x9	= -0.023708, 0.021981, 0.000929
attach_mount_hud_offset_pos		= -0.001425, 0.071386, -0.033635
attach_mount_hud_offset_pos_16x9= -0.001425, 0.071386, -0.033635
attach_mount_hud_offset_rot		= 0, 0, 0.003563
attach_mount_hud_offset_rot_16x9= 0, 0, 0.003563