![wpn_m4a1_ax15]
modular_attachments	= true
modular_scope_group	= scope_group_picatinny
scope_status		= 2
inv_scope_x			= 82
inv_scope_y			= -1

![wpn_m4a1_ax15_hud]
aim_hud_offset_pos               = 0.000107, -0.078573, 0.149612
aim_hud_offset_pos_16x9          = 0.000107, -0.078573, 0.149612
attach_base_hud_offset_pos       = -0.043353, 0.082725, -0.15
attach_base_hud_offset_pos_16x9  = -0.043353, 0.082725, -0.15
attach_mount_hud_offset_pos      = -0.000532, 0.053966, -0.03942
attach_mount_hud_offset_pos_16x9 = -0.000532, 0.053966, -0.03942

![wpn_m4a1_urx]
modular_attachments	= true
modular_scope_group	= scope_group_picatinny
scope_status		= 2
inv_scope_x			= 82
inv_scope_y			= -1

![wpn_m4a1_urx_hud]
aim_hud_offset_pos               = 0.000162, -0.07844, 0.125022
aim_hud_offset_pos_16x9          = 0.000162, -0.07844, 0.125022
attach_base_hud_offset_pos       = -0.043353, 0.082725, -0.15
attach_base_hud_offset_pos_16x9  = -0.043353, 0.082725, -0.15
attach_mount_hud_offset_pos      = -0.000106, 0.053973, -0.040666
attach_mount_hud_offset_pos_16x9 = -0.000106, 0.053973, -0.040666

![wpn_m4a1_sai]
modular_attachments	= true
modular_scope_group	= scope_group_picatinny
scope_status		= 2
inv_scope_x			= 82
inv_scope_y			= -1

![wpn_m4a1_sai_hud]
aim_hud_offset_pos               = 0.000162, -0.07851, 0.130349
aim_hud_offset_pos_16x9          = 0.000162, -0.07851, 0.130349
attach_base_hud_offset_pos       = -0.043353, 0.082725, -0.15
attach_base_hud_offset_pos_16x9  = -0.043353, 0.082725, -0.15
attach_mount_hud_offset_pos      = -0.00021, 0.054108, -0.039796
attach_mount_hud_offset_pos_16x9 = -0.00021, 0.054108, -0.039796