![wpn_ak107]
scopes				=
scope_status		= 2
scope_x				= 104
scope_y				= 0
modular_attachments	= true
modular_scope_group	= scope_group_picatinny

![wpn_ak107_hud]
aim_hud_offset_pos		= -0.002118, -0.07857, 0.103318
aim_hud_offset_pos_16x9	= -0.002118, -0.07857, 0.103318
aim_hud_offset_rot		= -0.006172, 0.000433, 0.022463
aim_hud_offset_rot_16x9	= -0.006172, 0.000433, 0.022463

attach_base_hud_offset_pos		= -0.057109, 0.09428, -0.156022
attach_base_hud_offset_pos_16x9	= -0.057109, 0.09428, -0.156022
attach_base_hud_offset_rot		= -0.000422, 0.008837, 0.010896
attach_base_hud_offset_rot_16x9	= -0.000422, 0.008837, 0.010896
attach_mount_hud_offset_pos		= 0.001689, 0.067136, 0.04096
attach_mount_hud_offset_pos_16x9	= 0.001689, 0.067136, 0.04096

![wpn_ak107_chaser107]
scopes				=
scope_status		= 2
use_alt_aim_hud		= false
scope_x				= 104
scope_y				= 0
modular_attachments	= true
modular_scope_group	= scope_group_picatinny

![wpn_ak107_chaser107_hud]
aim_hud_offset_pos		= 0.000694, -0.049911, 0.131412
aim_hud_offset_pos_16x9	= 0.000694, -0.049911, 0.131412
aim_hud_offset_rot		= -0.0071, -5.3e-05, 0
aim_hud_offset_rot_16x9	= -0.0071, -5.3e-05, 0

attach_base_hud_offset_pos		= -0.001274, 0.054227, -0.152912
attach_base_hud_offset_pos_16x9	= -0.001274, 0.054227, -0.152912
attach_base_hud_offset_rot		= 0.001922, 0.005285, -1.5e-05
attach_base_hud_offset_rot_16x9	= 0.001922, 0.005285, -1.5e-05
attach_mount_hud_offset_pos		= -0.000216, 0.04031, -0.010664
attach_mount_hud_offset_pos_16x9	= -0.000216, 0.04031, -0.010664

![wpn_ak107_custom107]
scopes				=
scope_status		= 2
use_alt_aim_hud		= false
scope_x				= 104
scope_y				= 0
modular_attachments	= true
modular_scope_group	= scope_group_picatinny

![wpn_ak107_custom107_hud]
aim_hud_offset_pos		= 0.000317, -0.03569, 0.355767
aim_hud_offset_pos_16x9	= 0.000317, -0.03569, 0.355767
aim_hud_offset_rot		= -0.00867, 0.000213, 0.006971
aim_hud_offset_rot_16x9	= -0.00867, 0.000213, 0.006971

attach_base_hud_offset_pos		= 0.013492, 0.04329, -0.347085
attach_base_hud_offset_pos_16x9	= 0.013492, 0.04329, -0.347085
attach_base_hud_offset_rot		= 0.002106, 0.003366, 0
attach_base_hud_offset_rot_16x9	= 0.002106, 0.003366, 0

attach_mount_hud_offset_pos		= -0.000143, 0.02613, -0.216293
attach_mount_hud_offset_pos_16x9	= -0.000143, 0.02613, -0.216293

![wpn_ak107_raptor107]
scopes				=
scope_status		= 2
scope_x				= 104
scope_y				= 0
modular_attachments	= true
modular_scope_group	= scope_group_picatinny

![wpn_ak107_raptor107_hud]
aim_hud_offset_pos		= -0.00111, -0.083337, 0.084052
aim_hud_offset_pos_16x9	= -0.00111, -0.083337, 0.084052
aim_hud_offset_rot		= -0.006816, 6e-06, 0.006047
aim_hud_offset_rot_16x9	= -0.006816, 6e-06, 0.006047

attach_base_hud_offset_pos		= -0.052698, 0.107571, -0.142891
attach_base_hud_offset_pos_16x9	= -0.052698, 0.107571, -0.142891
attach_base_hud_offset_rot		= 0.007725, 0.006129, -0.049559
attach_base_hud_offset_rot_16x9	= 0.007725, 0.006129, -0.049559

attach_mount_hud_offset_pos		= 0.000449, 0.07088, 0.050424
attach_mount_hud_offset_pos_16x9	= 0.000449, 0.07088, 0.050424