![wpn_sv98]
use_alt_aim_hud	= true

![wpn_sv98_hud]
aim_hud_offset_alt_pos		= -0.101864, -0.060146, -0.082735
aim_hud_offset_alt_pos_16x9	= -0.101864, -0.060146, -0.082735
aim_hud_offset_alt_rot		= 0.002343, 0, 0.782973
aim_hud_offset_alt_rot_16x9	= 0.002343, 0, 0.782973
aim_hud_offset_pos			= -0.086072, 0.018924, -0.111828
aim_hud_offset_pos_16x9		= -0.086072, 0.018924, -0.111828
hands_orientation			= 1, 0, 0
hands_orientation_16x9		= 1, 0, 0
hands_position				= -0.029543, 0.00987, 0.028892
hands_position_16x9			= -0.029543, 0.00987, 0.028892