; Both Leeko's Lad Laugo Pistols (Alien and Mutant)

![wpn_lad_alien]
use_alt_aim_hud	= true
 
![wpn_lad_alien_hud]
aim_hud_offset_alt_pos		= -0.0524, -0.000819, -0.045738
aim_hud_offset_alt_pos_16x9	= -0.0524, -0.000819, -0.045738
aim_hud_offset_alt_rot		= 0, 0, 0.329379
aim_hud_offset_alt_rot_16x9	= 0, 0, 0.329379
hands_position		= 0, -0, 0.040786
hands_position_16x9	= 0, -0, 0.040786

![wpn_lad_mutant]
use_alt_aim_hud	= true
 
![wpn_lad_mutant_hud]
aim_hud_offset_alt_pos		= -0.0524, -0.000819, -0.045738
aim_hud_offset_alt_pos_16x9	= -0.0524, -0.000819, -0.045738
aim_hud_offset_alt_rot		= 0, 0, 0.329379
aim_hud_offset_alt_rot_16x9	= 0, 0, 0.329379
hands_position		= 0, -0, 0.040786
hands_position_16x9	= 0, -0, 0.040786