; Latest frosty EFT Glock Pack

![wpn_eft_glock_alpha]
use_alt_aim_hud	= true
 
![wpn_eft_glock_alpha_hud]
aim_hud_offset_alt_pos		= -0.052483, 0.008474, -0.009528
aim_hud_offset_alt_pos_16x9	= -0.052483, 0.008474, -0.009528
aim_hud_offset_alt_rot		= 0, 0, 0.187904
aim_hud_offset_alt_rot_16x9	= 0, 0, 0.187904
hands_position		= 0, -0, 0.040786
hands_position_16x9	= 0, -0, 0.040786

![wpn_eft_glock_viper]
use_alt_aim_hud	= true
 
![wpn_eft_glock_viper_hud]
aim_hud_offset_alt_pos		= -0.0524, -0.000819, -0.045738
aim_hud_offset_alt_pos_16x9	= -0.0524, -0.000819, -0.045738
aim_hud_offset_alt_rot		= 0, 0, 0.329379
aim_hud_offset_alt_rot_16x9	= 0, 0, 0.329379
hands_position		= 0, -0, 0.040786
hands_position_16x9	= 0, -0, 0.040786

![wpn_eft_glock19]
use_alt_aim_hud	= true
 
![wpn_eft_glock19_hud]
aim_hud_offset_alt_pos		= -0.0524, -0.000819, -0.045738
aim_hud_offset_alt_pos_16x9	= -0.0524, -0.000819, -0.045738
aim_hud_offset_alt_rot		= 0, 0, 0.329379
aim_hud_offset_alt_rot_16x9	= 0, 0, 0.329379
hands_position		= 0, -0, 0.040786
hands_position_16x9	= 0, -0, 0.040786