![wpn_fnp45]
use_alt_aim_hud	= true
 
![wpn_fnp45_hud]
aim_hud_offset_pos		= -0.049943, 0.029124, 0
aim_hud_offset_pos_16x9	= -0.049943, 0.029124, 0
hands_orientation		= 0.171975, 0.581329, 2.805278
hands_orientation_16x9	= 0.171975, 0.581329, 2.805278
hands_position		= -0.0018, 0.003718, -0.023256
hands_position_16x9	= -0.0018, 0.003718, -0.023256